# удобная легка матрица
0.1 0.0001
1 2
2 5

# хорошая матрица
0.1 0.01 0.0001
1 -2 3
-2 5 7
3 7 -9

# матрица с большим числом обусловленности
0.1 0.01 0.0001
5  7  6  5
7 10  8  7
6  8 10  9
5  7  9 10

# большая матрица
0.1 0.01 0.0001
 8  -30  37  48  94  60  -39  69  98  12
-30   7  -30  -30  98  21  90  46  81  28
37  -30   4  31   0  22  20  32  12  51
48  -30  31  10  78  63  77 -100  93  92
94  98   0  78  12  98  52  62  87  56
60  21  22  63  98  54  80  31  53  98
-39  90  20  77  52  80  21  72   4  74
69  46  32 -100  62  31  72  47  67  66
98  81  12  93  87  53   4  67  60  43
12  28  51  92  56  98  74  66  43  29
